0001010000000000000000000001010010000000000000001101000000000000000000001010000000000010001000010000
0000000000100000000100000000000000000000000000000010000000100000000000000100001000000001000100000001
0000001010001100010010000010101000000000000000000000000101000010001000000010000010000000000100000010
0000000000000000010010010001000000001000101000000000001000000010010000000000000010000000000000010000
0001000001010000001000000000000010000000000001100000000000000000000100010000001001000000001000100000
1000100000000000101000000100000000000000010000000000000000000010000100000000000000000000000000000001
0000000000000000010001000100000001010000010000000000110100000000101010010000000000010000000000000100
0000000000000000011010000100000010100000001001000001000000000000000100000010000000000000000000000000
0000000000000000000000000001100100000000000000100000000000001001000010000000100000000000000000000000
0000000100000000000001000000000000000000000000000001000001010101000100001010110000000001000111000100
0100000000000100100000000000000000000000000000100101000011000010000000100000000000000100000000000000
0000110000000101000000001000000000000000000000000010011000000000000000010001000000000000000000000001
0000000000000001101011000000000000001000001000010100000000000000110000000000001000011000000000011000
0000000000000000000000000000000000100010001000000000001100000000000010001010000100000000000100000001
1000000100000000000000000000000000000000000001100000000000000001010000010100000000000000001100000000
0100000000000011000000000000000000011000000000000000100001010000010001110000000000000000000000000000
0000000000000000000000000000000000000010000000000100000000000000100000000001000001001000100000000100
0001100000000000001000001000000000100000000000000000000000000000101010000001000100010000000000000000
0100000000100000100000010001010001000000100000000100000000000100000000000000000000001001000000100001
0000000001100000000000001000000001010000000000000000000000000001110111001000010000100000010000001000
1000000001000001000000010000000000000000010110000000010000010000001000000001000001010010100000000000
0100000000100100000000000000000000000000000000000010000000000000000000000000000000000000000000100000
0110000001000000000000000100000000000000100000110000010001010000000000100010000100000000000001000000
1000010000000000000000000000010000001100110000000001000000000000000000000000000000010000010000100000
0000000110000000000000100100010000010000000000000001000001000000000010001000000000100000000000000000
0000000001000000001000100000000000000000000000001100000000001000000000000000110000000000000000001000
0001000000010000000010110000000010100110100010000000000000010000000110000110000010000000000001010000
0000010000000010000000000000000000000000000000000000010010110000011000000000001000001000000010101000
0100000000001000000000000000000000100000010011000100001100010000000010100010000000000100000000000000
0001001000000000001000100100010001001000000000001000100000000000100000000001000000001001010000000000
0011000001000000000010000000001001000100000100000000000001010000000001000100000100000010000000000011
0000001000010000100001010000000010000000000000000100100000010100010000001001000001000101011010000000
0000000000000000000000000100000000000000001000000000100000000000001000000000100001000000001000000010
1000001000000000000000000000010110000000010000100010100000001000000100100000100101000000000000000000
0010000000000000000100000010000010001000000001000000000000000001000010000100000000101000000000100000
0000100000000000000000010001000000000010000000000000000000000100101000001000100000000101001100100000
0000000000000000000010000000000001010000000000000000011000000100000001001000000001110000000000000000
0000000000000000010000010000001000000010011000000000100000100010110001010000100010000000000000001000
1100010010000000000000000100000100010100000010001011000000000000001001000000000000000100000000000000
1000000000000000000100000001001000010000000000000000000010010000000000000001000000001000000000000000
0000000000000000111110000001000000000000000011000010010000000100100000001000010010101000000000001000
0000010000000000000000000000010000110100000100000001000000001000000010010000000000000000100100000000
0000000000000100000000000000000000000000000000110000000000000100000100010001000010000000000000000000
0000110000000000000000000000000000000000010000101001010000100010000010100000000000000001000000000000
0000010010010000010001000001000001000000000000000000001001000000000000010000000000000000100001000110
0100000000110000000010010000000001010100000001000010000011010000000000000001000000000100100000000100
1010000000000000100000000010000000000001011101000000000000001000000110101000010000001000000000100001
0000000100000000000000000010000000000000000010000000000001000000000000000010000001100000000000010000
1000001000000100000100100100100000000001000001100000000001000000000010000000000101010100000000010100
0000000001000110001000000000001001000010000001000100000010000100000100000001010100100000000000000001
0000101000100000000110011001000000010000000001000000000010000010000000100000000101000000100010011001
0000000000000001000000000000110000010001000010000000010000000000000010010001000001000010010000000000
0000000110000000010000000100001000000000000010000000001001000001000001000101000000000000000000000000
0000100100000100000010000000000010100000010000100000011010001000100000000000000000000001000100001110
0000000100000000101000010010000000100001000000000000000000100000000000000010000000000001001001101000
1000000000000000000000000000000000000001000000000000000000000001000000000100000111000110100000010000
0000100000000101001000000000000000000000001010000000000011000000100001000010001001010000001001000001
0000010000000001000010000000000100000000000000000010001000011001100000000010000000000010000000000000
0101000000000001100001001000100010000000000000000010000000100000000010000000000100000100010100100000
0000000011000010000100000001000000000010000000000010001100000100000001000000010000000010000000000010
0000000000001010000110010000100000000101000000100000000001100000000101110000000000000010000000100000
0000010100000000000000100000000111000000001100000000000010000000000010000100000000001000011100100000
0100110010100010000000010100011000000010000000010001100001000000000100100000000000000000000000000000
0000000000000000011000110000000000000000000000000000000000000001000000000110000000001100000010000000
0000000000000000000000000000000010000000100000001000000001000000000000010010100000100000010000000000
0000000000100000000000000000001100001001010000000000000000000000000000000100000000000000000000000000
0000001000000000000000000000000000011000000000000010100000000000000000100011000000000100000010100000
0100000000001010000100101010000000011000000000010001000100000010100000010000001000000000100000000000
1100000000000010000010000000000000000000000000001100110010000010001010000000000100101000100000000011
0000000010001100100000000001000000000000000100000000010010001000000000000000000000000000000000000000
0000000001100100000000000000000010000100000001000100001000001000000001000001000000010100000000001000
0001010000001100100000000000000000000100010000010000010000100100100011000000000000100000000000000100
0100000000000000100000010101010000000100001000001000000000000000000000100001000000010000000000000010
0000000000000001000000001000000000100010100000000000000001100000000001000000000000000000000000000000
0001000100000000001000000000000000000000101010010010010110100000000000100000000000010000000000100100
0000000001101001000000000000000000100000000010000000001000000000000001000000000000000010000000000000
0001010000100000000010000000100000000011000000001000100000000000000101000000000001010000000000010100
0000001010000110100011100001000100001000100000000000000000000001000000000111000000000000000010100000
0100000000001000000000001100001110000000000000000000100010000000000000010001001000000100000000000100
0000000000000000000000010000000000100000000000001000110000000000000000010000011101000001011000000000
0000000000000000000000001000000000001000000000000000001100000000000100000000000001000000000000000000
1010000010000000011010000000000000000000000000010110000001000010001000000000000100100000000000000001
0000000000010000010000000000001010000000000000100001010100000000001000100001000000100000000000000000
0001000000001000000000000000010000000000010100000000010010000000000000000000000110100000000001001000
0000000000100000000011100010011000000010000000001101010001000000010000000011010101001000000000000000
0000000000010000000000000010000000000000001000000000000000000000000011000001001001010000000000010100
0000000010000000000000000000000000000000000100000000000000000001101000010000000100000000000000000000
0000000000000000000000000000001010011000000000000000001000000000111000000000000010000100101100000000
0001001000000001000000000000011000010000000101000000000000000100001000000010000110000000110001100010
0000000000010000000100100101000000000100000011011000010001100010110000000000000000000000000000100000
1000010101000001001000010001000100000000100000010000000000000100001000011000010000000000001000000000
0000000000000000010000000100000000000000000000100000000000000000000000000000010000000100100100000000
0000000001000000000000001100000000000000100000000000000000000000000100000000010011000000100000000000
0000000000000001000100000000011000000000000010000000000001010000001000100100000000000000100000001000
0000100100000001100011000010000011000001000000100000010010000000100000000010010000000001001000000000
0100000000000010000000000000100101000000000000110000000101011000000000000000000100000000100000000000
0000100000000000000000001000010000000000001000000110000000001000000000010000000000101000000000000000
0000000001110000000000001000000100001010000010100001000000000001000000001000000000001000000000010010
0001101000000000000000000000010100011000010100100000000000000000001010001001000000000001001100000110
0000101001000000010000000000001000000000000000110000000000000000000011001000000001000000110100100000
