2145 5246 2585 5651
714 8842
5838 162
2820 771
2473 1141
5367 4490
6488 2342
1515 5687
5513 7940
3550 6168
3985 3290
1189 7762
199 5466
9677 9016
8602 5766
429 6540
3617 5124
9723 5500
4785 9813
1374 2015
3673 4637
5157 6050
3658 9258
7406 9629
9455 8444
3982 9438
1535 99
8694 9046
3265 2951
8643 372
484 3803
2169 6706
711 8826
873 1363
2619 6014
901 5699
6565 1534
2494 9347
8132 5139
4104 940
8060 48
9561 158
1783 991
5005 3518
6429 676
2235 1834
1170 1002
1531 9869
2468 8450
5339 4831
8385 6042
7009 3440
7542 8282
2872 0
7604 9346
914 8126
8846 7702
2311 436
4242 2010
4923 9719
3821 7354
4933 1943
3779 9067
4529 5563
3 2625
6878 9681
9799 9272
2554 2017
3038 6121
2615 3500
8119 5004
5914 7082
9761 4108
2987 3467
8690 1094
5627 457
3527 5619
1010 1031
1108 5066
9661 8474
3753 7309
9997 4978
2468 1232
8326 9574
5147 294
7398 8120
9395 1422
1600 8816
1440 7850
2181 9670
6080 1061
6872 8909
6997 6420
6154 4179
8261 1523
908 7971
6459 4140
9747 810
5007 935
4614 8529
5782 3413
8319 8396
3696 7506
1062 2104
4019 2194
9591 3257
2884 9991
2394 2691
436 1087
7981 6047
5077 4146
1312 3624
9385 9426
1661 5254
1675 789
3808 504
3236 3652
3888 2667
2742 8476
5213 9491
5358 4049
160 6066
1932 7651
5087 6468
1745 7056
374 3919
2954 8566
3451 1635
2100 4695
9010 4269
5845 5807
429 3229
8385 9086
21 9232
6103 9727
9949 1959
5874 8490
689 1027
3986 5245
1692 1734
4339 5192
3508 4619
415 9888
7550 4669
201 2252
566 8046
9466 943
3645 9550
3620 6930
7681 2846
7629 5854
365 2018
7106 8414
8045 4464
7876 2423
7648 6854
3003 7276
9929 653
2299 5810
2814 8497
1535 5351
9030 3850
9160 1902
2492 4931
4844 1139
7407 7056
7564 8846
4104 8484
4826 1490
7512 2000
1843 3086
6793 7777
4603 3711
5043 2190
1013 2992
7251 7810
4116 9183
1310 2278
6823 6515
2857 5204
5922 3113
9619 6736
5015 592
9290 4156
3171 1445
5826 808
8297 813
6653 8449
8557 1253
9246 5449
6858 302
3917 1852
3888 9597
2940 8380
7535 1825
1660 8311
8632 2308
6078 8730
3467 56
2761 4011
4421 886
9018 9568
7166 6442
9512 3302
2530 2861
3720 5570
7268 7408
8345 5619
9196 7767
2848 5418
7652 909
6621 1346
9784 7514
2176 5989
4735 7923
4981 8501
8491 5235
1027 5972
1284 4348
4686 7445
84 9637
5850 4674
8104 6089
1043 1224
3962 458
9533 5699
7207 7342
6359 3512
4265 7672
9784 9651
4266 3522
8567 4607
7879 5219
7079 2032
6381 2373
4335 4847
3081 5402
5334 8014
5059 1946
3241 3694
6471 951
2027 4276
8389 9282
1293 1148
8876 7514
1706 3612
4564 5034
3179 6562
1070 1242
6794 2885
9010 9010
4843 1589
6123 4685
2618 1804
2008 8345
8453 2318
4430 6089
3179 3314
1494 4291
6217 8597
3925 5931
3156 8866
666 723
283 8046
2223 8771
6943 3816
5151 356
4684 7461
6108 438
8152 3703
6663 9488
9139 531
9061 9388
9181 8475
1855 9864
5067 6779
5024 8197
8959 3079
5853 5976
922 5400
4402 4572
9581 3237
1401 4636
7166 4074
1405 5718
7206 1056
6138 2514
1933 4437
6791 2625
9804 1278
1541 1807
6191 2359
3704 164
8792 6954
1397 1604
1607 131
9515 2752
9300 2090
9907 5902
9129 4425
2221 5107
7069 6136
2658 4010
641 2510
6263 4522
6287 3228
6172 9644
3858 2595
8381 7222
9533 1237
5844 212
2677 9800
4111 7074
1541 3385
3213 9843
4529 889
3495 5378
9056 6434
4738 54
9700 9693
9523 6281
690 6874
5316 8378
3958 9871
8894 6705
3709 2684
6368 7892
8581 2009
2430 7269
2025 5583
2469 7255
9297 6420
9992 5398
9732 794
587 7423
7856 8326
7521 9839
1714 9562
9522 5802
4483 5732
3115 1670
4490 6507
6133 1845
4520 5602
6796 7047
4004 7468
8029 4116
7224 2267
6984 4269
6882 9918
8645 3164
9283 1470
8848 5382
5162 6528
6178 9019
2487 6627
2785 6292
2468 798
2764 2789
287 8147
877 4129
3997 3540
3419 388
297 3405
2615 9446
2577 5252
8919 4565
7086 9950
2386 3020
7659 751
6682 7991
9424 7777
4560 7376
4683 1737
1648 6425
9502 4195
3982 8735
9040 4515
9167 5743
8050 8460
5085 1757
3913 6731
6441 7234
7708 8220
9205 2517
8411 9744
5130 9536
1464 2885
4705 6219
8979 6043
5704 8559
1757 6189
9944 8382
1270 184
5524 2570
783 6643
4969 9198
5665 4924
4078 2692
1335 7326
9667 6462
2531 9130
8013 9758
9065 4446
7270 6155
9810 2947
6763 2006
2755 6525
0 7723
6787 8059
5963 7523
2696 6634
1734 1768
4774 5931
3870 6540
8807 2013
4884 1653
6375 9241
6028 2626
8175 185
9316 6824
2913 9369
2760 7835
9879 2963
6442 9140
4923 6354
5905 3276
1362 2144
3766 5896
7395 6245
4983 3133
575 730
7347 7797
8063 5110
5630 3513
496 7373
9548 6601
8742 9139
4610 3327
3874 3898
1888 1811
9489 4729
1616 2453
6107 1607
291 4231
5475 132
5231 1929
5202 6183
6248 2183
2021 4963
9772 4769
7332 2928
8643 7549
6805 9303
4533 2222
7533 439
2022 3496
4357 3172
3644 5845
9113 4894
1689 6455
4818 1399
8038 364
2142 7618
1399 2559
2890 2427
1305 8911
4126 7119
4478 6560
6086 4066
5647 6804
7074 8068
6698 5035
8110 1734
7572 2029
2539 403
3069 7127
3274 3317
9950 5933
4890 8278
5406 9187
7904 1974
9332 5106
9133 3110
9370 7238
8693 7084
9759 5047
9246 4884
9380 6750
4700 3003
2254 408
45 9370
20 2487
9357 4178
5637 809
7168 8545
1669 7807
8659 6459
8900 5100
8736 1591
5901 4999
2363 334
3335 5454
643 8022
7880 8389
3936 3200
1232 1887
6024 4998
9141 8533
1954 6844
5748 4955
7473 8561
69 148
5414 1951
6387 2786
5984 4280
8013 3109
7101 7255
8044 9711
6034 4565
1843 1335
6297 7247
6873 3968
7313 9782
1783 3661
7317 366
3146 1891
5842 946
7525 3802
264 3186
39 8691
1634 5093
2404 9655
5186 8123
4785 8769
6953 9430
2498 7388
5000 4413
8657 225
1688 6101
2835 5632
168 2726
5468 5617
1134 6121
7266 6155
9729 4242
9446 2848
4525 3151
9701 1203
4843 7217
8781 9189
4996 3013
6707 7887
7867 5757
6890 1429
2288 7299
2114 4163
351 4407
8523 8908
9624 6786
8521 9064
856 8630
9039 2711
9984 9650
2863 1849
4712 7454
5382 4470
7320 3645
635 7154
6018 7581
7750 5376
9230 5837
3867 2429
2127 5283
2496 117
4628 792
1578 8056
8696 9716
8333 6365
3974 3996
7902 8217
2894 5041
6717 4834
1917 7643
6842 6705
3772 1368
2889 2043
9036 3144
9834 5019
4763 6609
584 4701
7154 2745
7220 3919
5875 7326
5774 7604
5312 4269
3180 2022
9679 9533
2482 4188
9119 9032
512 4483
8440 5790
6345 3260
7902 9535
9019 5551
9882 3313
1602 7364
3411 3200
1062 149
7821 2798
8959 4591
1869 9238
1393 9502
8187 867
2363 9503
661 5645
5899 5730
6097 6100
6261 1363
6399 3960
6016 6339
8307 222
7721 1998
2667 5815
8610 6478
8470 2333
6367 6321
73 5921
2614 9201
4396 6842
5072 7035
7172 9515
4890 4237
7414 5871
1267 7311
6939 9699
3749 3861
6781 2619
6283 1646
1517 9395
6835 2372
2256 5885
1033 8328
9277 9578
5657 175
3485 7059
6966 9556
8887 8980
9167 8791
5332 3484
4583 6795
4548 1299
9538 8770
8583 2506
9540 7454
9637 967
7684 5000
7 2700
4779 1286
8481 6561
4959 7835
214 1091
3825 9880
2732 4192
4973 7800
3452 7492
6314 8032
4811 39
7823 957
6346 2263
9744 6771
38 8202
538 2518
9374 1965
9549 6187
4201 7880
310 8770
8525 6748
6581 3456
7473 9658
6038 4391
7532 1739
4002 2145
4653 9652
189 9968
4876 3821
4940 6218
6817 8187
7797 2011
553 1307
505 766
4643 8786
3598 5571
7181 7543
9507 8063
3458 4366
3483 6687
6224 5353
9238 8298
4200 8393
7864 9722
1776 9581
1310 380
2939 4091
1953 337
8950 4569
2903 6166
9153 5271
9747 8746
8140 8430
4963 7110
145 2125
6509 509
337 8253
9993 1464
8949 9499
7810 2160
3442 782
8990 5062
7475 3218
2631 3089
5589 9169
9113 8888
1463 7317
7533 953
5605 491
157 5770
3429 754
9577 9651
3071 800
42 4686
4098 489
1387 9450
6758 743
2723 8371
6281 4685
1271 4922
5798 1873
1520 975
3011 7621
9046 3019
719 9040
5858 8457
9341 2040
8730 2688
1204 9339
1990 6674
3175 7945
8991 5100
7781 9663
2129 719
4594 9162
4672 920
9220 5234
9971 1556
9234 8602
6639 5450
1754 7022
3966 5058
4630 2930
108 4718
2013 34
7166 6941
2694 4596
1746 7852
2882 6419
3193 3348
5491 8326
8425 1557
4367 4938
9236 4107
2068 7173
3454 2602
2700 6540
4920 6153
3979 3932
469 4851
9554 7411
8706 4559
1995 7730
8225 4624
3488 2119
8674 2814
5408 3290
9959 3427
8597 2408
690 9692
3693 6001
2649 4839
6580 4563
4241 6153
9675 5593
3873 8949
5950 8342
3794 8080
9620 3865
9561 6637
6712 4612
618 9949
8499 639
7194 9409
6581 1492
7555 1570
3241 777
1158 3553
4761 3867
7979 7431
3488 2072
4948 7894
8246 9724
6864 7066
9496 1878
3807 4731
2846 4053
2979 9080
5382 2700
6339 5940
7369 4832
9572 8182
8038 2302
5707 5172
7183 241
3318 5752
5886 2129
3148 4640
9664 2724
1703 8775
3775 127
9913 4702
7685 2824
8724 9188
7797 2077
8170 2060
7527 2038
62 8656
2499 6765
9856 5944
4017 1691
9882 9255
8559 8054
8844 716
905 8339
9416 2658
997 7564
2165 7242
4919 4869
497 5214
3577 6519
7375 5106
2070 1258
8225 3848
2067 4491
2140 2898
2868 5759
4757 2083
244 657
6142 9630
3979 8007
8282 9458
2661 5512
1063 9963
9872 2819
3737 7630
6267 4642
2366 7498
4316 4776
7184 7301
9829 4996
8648 6413
6198 6517
9789 5238
2807 82
6997 4261
8726 867
1234 5570
8236 7916
2445 6558
194 8262
3976 9247
754 4510
6630 8226
3392 7259
7766 5468
3473 8841
9800 8982
9358 1868
3260 6143
5722 5825
7156 9789
5822 9476
8904 5400
3407 6796
9261 6399
2331 625
7106 1567
1020 9400
5659 1688
9887 1563
1845 5547
2315 1528
788 9885
1066 2252
6211 6368
4656 6301
836 4369
1106 4186
3425 1278
5606 1229
4818 6596
7997 1367
3137 2847
1734 8233
7962 9957
6208 1571
6255 4158
3979 1608
7473 4294
8687 9018
4334 1154
584 2893
1742 6029
9789 2737
461 6833
5975 4381
6082 8657
6744 5248
7550 948
8391 7941
8150 2833
4289 6254
159 3084
46 6677
389 9497
6712 9131
2590 6587
6895 3664
6012 5104
9624 7108
3057 8997
7771 1128
3981 1826
5489 7598
7413 8731
4058 6525
5902 746
867 1500
6865 4330
2734 8658
5983 3111
2347 963
120 6844
1791 9494
1761 3080
9236 2445
1324 1283
4883 9153
5061 3160
2272 8332
7595 2447
9263 1658
5439 187
3228 1843
5719 5394
6798 1682
2369 966
1124 9945
6649 6808
1007 7137
35 5995
5837 4333
9494 1612
5200 4619
5863 1714
6439 3704
2057 4401
1063 3535
3847 689
5524 9933
3616 9948
3775 6366
6281 7554
76 358
158 4937
2504 8253
2152 5135
8296 1599
6610 4930
2163 3827
4986 8609
5980 4005
8955 3094
9624 7967
9903 7589
6097 5960
1284 1074
3521 87
2220 9470
8051 1940
1536 4842
4460 925
9209 8186
1551 6922
6105 9463
6925 8917
8525 1697
4946 5006
3967 9769
7411 3187
7929 2108
455 2569
8839 6544
6968 1078
1614 8209
9379 7140
6879 222
2290 144
4148 5054
4795 768
1543 2701
1862 439
664 7180
7434 9587
6127 8514
6119 2450
2059 4863
4011 9428
4387 1891
2086 2664
1217 472
5308 7895
83 9785
2037 8302
9406 4802
858 8913
4973 6642
1644 5227
245 15
1905 1658
9109 7381
4950 3100
2089 6929
5080 2015
6211 2862
5756 2256
2968 2130
9550 1070
7392 3967
356 879
5142 9132
180 1324
7655 7206
7476 5416
3219 8783
9183 4372
9986 427
3555 3835
5521 2208
5806 3153
4704 22
2090 6543
9046 8601
5945 2842
7091 573
7834 6277
9658 1025
6516 9977
7200 3626
5444 4883
9453 9664
8795 7428
3679 1384
2270 2540
8575 5715
5548 5184
8161 7202
6175 5120
7041 3637
2278 9053
1260 4633
8324 2646
948 2905
4713 8960
3910 3577
6634 1895
6764 922
3700 5039
1227 4662
2864 7661
6331 3404
4266 1376
5025 2650
8116 2455
4850 1396
2936 3563
1347 6390
3623 4819
1339 6149
6479 774
6670 3309
8629 4998
9080 3652
8420 7238
3502 1135
3893 2378
772 4616
2722 7855
366 6948
7620 8297
4788 2258
4109 2514
640 3070
547 373
7299 8881
3700 5077
8182 2090
990 3021
4774 9268
2296 1372
4230 878
8953 3715
7503 558
2791 6730
3667 5767
4452 4391
8528 8182
5985 4412
9199 6115
4357 6009
3104 8046
9939 4621
7435 8815
4195 8682
3626 9701
3081 1098
4651 6248
4067 3909
3304 394
5011 82
279 3817
6705 1531
4428 9308
6549 0
6104 6578
3821 8659
4910 6287
8267 6183
938 4332
6280 8687
6362 4109
3104 3966
2686 3354
9740 2279
4114 2075
1107 8805
1103 4275
5729 9287
1340 8407
192 8126
2265 4194
2577 7047
5880 4421
6187 8363
7980 7883
2971 8972
4113 6323
3719 6170
712 2739
8845 1073
9568 4269
5886 4028
5470 5015
7556 635
557 8979
4843 2531
4139 8153
6421 2168
1531 6056
8086 8264
7167 1376
4299 6231
9104 2135
4691 4779
555 9559
8575 8601
9561 9119
8558 7996
8308 8548
1577 864
6865 5551
7805 9001
3040 439
4833 5959
9901 1551
4638 4655
4653 580
3906 8192
9970 9654
4923 3335
323 2777
80 998
404 6241
2969 5020
9595 8425
3859 2982
4479 7221
1399 1615
3570 5297
3191 8665
7301 8732
4877 9004
4920 3919
3948 8980
5213 366
8026 8654
3624 8241
540 4088
5471 6807
8596 6798
7469 9813
6364 1476
7691 1655
175 7431
9181 2290
4621 4672
6463 6258
6033 1591
7899 1075
6078 6485
2293 3988
9807 9229
399 5205
9357 6238
6681 7311
6144 6763
6701 6392
1195 7488
2368 3400
1312 3264
3743 6517
9799 2923
5744 3353
2190 7366
2207 8948
6188 4395
728 2111
4505 3480
6 7134
1077 2486
2298 3937
749 1869
6145 7858
7971 70
5063 8545
9223 4498
9763 2814
2741 5775
4189 6883
3485 7045
3014 1991
4030 7732
1123 1748
6034 4589
1886 7714
7482 5233
2323 8825
966 9805
5767 7930
6777 7885
5382 2120
2302 3662
9725 1689
4632 7913
9369 8730
9291 3122
3649 4031
9471 306
9907 3016
746 4396
1823 3381
8183 7349
1062 3990
2174 937
1848 2935
7 6259
106 5599
1663 894
9689 367
8007 9433
7116 8120
5219 3156
8422 4360
1584 8292
9354 659
9898 2750
7183 2380
6061 2000
3936 4953
2600 5735
9514 3694
6065 6434
8722 3032
3015 8049
2367 8577
617 9539
5009 1312
7280 3703
8161 5026
8926 6701
2405 3882
1583 1188
3037 7257
9075 7725
9537 9663
6958 4735
7767 2272
9919 3422
2055 8785
4434 5390
1344 3534
5925 777
42 358
7741 5871
5100 2358
3838 8909
6027 5898
3329 5632
2110 4877
3396 1465
3956 5290
8511 2703
1619 5881
1771 2737
1393 3857
1648 9376
592 3535
5357 8870
7956 806
1145 2678
9515 3203
2625 7179
5824 8048
8707 1869
8942 4286
1311 7177
5388 2969
1434 6054
5023 3221
9158 4160
8586 5003
4478 1242
710 4462
8317 2492
541 4458
7675 1304
3731 718
1949 752
2664 1332
6879 3570
7173 9902
3794 7106
2546 4470
3987 7622
2100 9302
3847 4735
1648 6984
4091 4511
8725 1383
6468 1362
9730 6215
1328 4484
6611 6
3445 4670
1020 681
3390 3690
6342 5587
6987 8684
1209 7372
8695 6240
475 694
391 1238
610 2940
9656 6747
6626 7437
2027 1281
4863 5517
3839 958
8574 9309
494 2539
1024 9316
6602 1419
5912 156
8393 6060
9997 5407
3302 1352
2687 228
886 9035
5824 89
3873 3671
350 6698
8043 3582
8653 2108
8827 825
1747 6029
109 1899
6877 6155
5215 1158
4092 8971
5326 453
4546 3595
6749 1219
4135 674
8594 4635
4630 4803
5133 8484
5436 6823
2189 4326
1273 3019
2766 3804
1329 7567
4313 3968
5297 1402
4475 6531
5013 9728
4943 6852
4763 3419
9124 6754
9948 6823
9447 7978
3514 4191
6194 6943
895 1624
6463 54
3966 888
9884 1072
6205 1522
9124 6979
9281 2781
5921 2732
6199 2062
9622 4901
9860 8281
3721 2016
7698 5434
4378 4449
3572 4787
289 7138
1372 7370
3072 3672
4938 4420
2565 4124
9843 3871
647 3241
4295 2145
7472 7166
901 6714
1779 1451
4569 1293
7083 2614
7903 4447
2355 8531
6509 5435
7499 1418
1232 1986
5606 1911
9708 2249
7794 1778
9497 5497
5057 5989
7633 479
7720 5553
7961 7211
3547 6857
3008 8838
2568 79
287 458
5769 490
2064 4034
7614 4408
6371 9229
2009 2309
6539 5561
7457 8652
8920 0
1954 9071
6235 1094
4980 7423
6727 6802
569 9297
1887 642
8409 2393
9417 5526
1624 9250
6480 7303
9713 5462
7882 649
9617 8404
8470 5410
9013 2400
9754 4895
7937 3007
6884 3496
3844 9193
5478 8345
3763 5262
3465 8316
2521 5729
819 9616
2892 1013
3936 8207
2172 1617
286 6491
1189 5586
1476 6575
8953 1316
7789 8168
9543 6991
2704 5401
5509 5920
1681 2431
3771 8134
3539 4451
1997 9565
8127 3888
7585 8854
2518 8000
8464 1546
2722 6320
2721 392
2307 8258
7716 8902
9391 2446
7473 5296
8773 5529
3024 5417
4107 6971
9331 1504
4435 4037
8077 5834
4494 1623
7458 7587
8989 99
8798 9788
9704 7997
4269 6384
2680 5116
3613 3423
4714 4869
8743 1093
6978 6700
792 2597
863 2168
4746 5547
8669 6959
7110 8685
8243 6886
5898 683
799 129
9913 9291
3648 7684
5592 775
1260 6640
2737 8990
3357 5907
6790 9566
5294 6984
8856 7793
830 4860
6723 6821
5352 3251
1119 2744
886 5584
8141 5793
9217 2929
2624 4585
4955 9451
7444 9293
1107 16
1337 4223
9431 5755
2189 2762
169 7544
3390 1258
8030 8105
9852 5938
3405 3091
3939 397
6565 2847
9889 5676
8499 6943
9773 427
3282 2204
4610 5842
9539 9562
6686 814
3523 2500
7390 9596
1061 8356
2575 3341
2193 6882
7763 1112
3077 6685
1179 1864
5512 7047
2728 8259
127 5660
5724 2487
5982 1761
9479 7964
2933 7547
1719 8468
1418 9038
2414 905
5701 4342
9335 8208
272 6547
3482 1617
9180 8661
7350 6596
1024 2746
330 2491
6833 8426
687 7862
6775 4902
3614 9299
8877 4611
408 4645
5162 9295
9693 4038
4271 274
6163 1169
7711 4520
7987 3579
2178 4106
3307 7320
4410 2882
6939 187
7217 9228
1634 2992
8351 4552
4129 798
728 35
9330 5660
6139 8837
6454 9884
8968 3312
2325 750
6582 9160
4779 2313
438 7107
5684 2668
1595 6293
4889 5995
7672 220
7428 5934
7660 6700
5687 9719
6144 5365
441 7676
5189 2327
7439 3340
7651 3422
8352 1098
556 6188
3604 8056
4448 9320
2553 1243
8867 1460
9203 4434
5146 3335
7988 5919
1409 520
2223 2267
7624 2606
4606 1217
8718 7103
7124 8111
9668 2343
5017 8172
7940 3790
5438 1483
6615 9371
1485 8340
4146 4443
851 4683
6161 6006
2529 1853
4339 1519
1931 7130
1198 6085
3474 7950
1582 2387
9337 7345
2196 4442
1574 6523
6443 1030
6493 1356
7897 6504
9303 2037
9035 3883
8120 3180
1754 9922
5055 2712
4573 5270
3772 8148
411 7886
6974 1855
316 7487
9901 4228
33 4139
6144 9704
2869 4328
8239 5131
9513 1173
3955 7834
2216 9894
8095 7315
7964 293
6195 1659
7331 6625
2771 6925
670 3426
6111 8557
4056 4637
1040 410
6602 5075
2004 4895
7739 8416
311 7426
1682 9924
3198 3400
1315 5937
5932 517
9790 9659
3891 22
1291 8242
6896 3407
1368 9219
9034 9443
8216 9682
1074 4875
133 3545
1232 7140
7890 3200
9575 9547
9981 8769
9976 7407
3427 9371
5609 4732
7493 5593
8766 4397
746 1017
9118 8360
8178 8596
3527 8520
9382 868
9210 2000
8849 8323
3266 7769
4705 8791
2627 6590
83 4343
40 2522
8265 9489
9980 1996
3609 4301
1949 2622
915 6677
4128 9115
4427 2871
8962 9293
9672 1055
165 9113
9558 7976
8557 5103
6105 7840
27 8701
2966 2176
4314 6402
976 6595
94 8688
8615 1531
4910 5081
8918 6587
1084 2172
4194 4151
3342 1833
9829 3334
6918 9027
4178 927
2963 289
931 4877
5890 5768
4273 3247
9656 8739
2363 7726
8138 7831
2777 273
677 8141
6144 5084
194 2971
6891 6385
908 1953
4497 8194
8872 9631
5258 5286
2224 49
3631 9805
7756 3738
5640 9142
807 5670
6931 2345
9808 6468
6012 5510
9056 9555
2656 8777
2882 9094
732 9992
3398 4546
3968 3937
1270 6079
4375 24
3480 7076
5502 8089
4199 2971
2516 6939
2500 7002
4276 4524
6040 4545
6576 4440
5941 8987
9137 9316
6975 6481
2403 3129
9317 3639
6407 3210
9770 1703
7871 4728
1295 6906
8864 2732
965 7923
1310 6084
7039 5717
6276 5880
4817 6208
3952 8852
7969 9527
7995 2283
6941 5059
3049 6999
4672 2372
8772 560
6564 9305
7169 797
9131 9547
3229 9133
5680 3844
3474 8018
7676 3053
2277 1258
204 6523
8311 3108
9687 7554
5241 242
3707 5587
7787 6235
3857 1865
8059 8593
9150 750
9519 7733
8548 5479
6748 5269
2979 4818
3172 4124
6052 9977
4607 3888
2782 1791
6794 8148
4060 5663
872 9010
4064 6926
7089 3544
1760 6993
5276 3815
5784 4881
8867 6925
3533 4543
2710 4725
9775 3041
129 4868
4382 1116
4189 3730
980 3899
3453 2066
5070 9911
4532 3487
9877 509
3668 1621
8390 3204
3509 5985
9541 9357
8340 1171
1109 7681
354 8238
9081 2069
8373 1018
5533 6004
4628 2948
2737 3358
2564 7861
3539 3210
8744 5873
349 5380
7047 3023
874 1088
6335 6571
9532 4144
5326 5024
2776 3018
2620 3298
3544 5215
2984 3001
1537 3513
7953 3873
5881 720
8883 5031
639 5647
2446 6331
612 2466
821 5729
633 7331
7363 7992
5734 1801
1486 1389
677 9603
171 9719
737 9265
4317 8324
225 5743
4335 6836
7427 3174
7142 154
2204 1303
5931 3885
1697 8995
4412 309
2196 6891
2664 6213
7851 4992
7266 9736
2027 6563
3196 6277
548 9164
4293 1374
1330 4122
6106 4868
8130 3985
8301 7459
188 7209
5787 4430
5870 7600
9692 1681
5191 9861
7522 3845
6600 8103
472 5232
8476 4599
4809 863
9977 864
9605 3040
7009 4557
2554 7575
2889 9543
2179 8211
8590 5205
6024 642
9204 2835
3866 4426
6871 1514
1086 687
1642 448
4773 3226
3649 873
6392 3530
9176 7438
7481 9324
7603 2747
7421 1312
5046 2116
8792 5647
7682 9311
5255 1394
2079 9829
6028 5641
733 382
3991 8463
9778 8918
1397 6561
9783 9327
3925 2016
3151 8648
9035 1151
7724 6700
3039 6457
5414 2553
9380 4755
2721 5438
3004 2331
5192 3378
1147 3820
4845 751
2797 8793
3446 9017
9545 8685
1349 859
1529 5718
8190 6776
2496 9033
275 4103
3670 5378
6790 9570
226 8180
1002 9236
5741 4339
5913 9066
1369 6404
8180 105
7171 2400
5851 241
7705 8706
7154 4354
5107 4555
1024 3661
6564 5945
2942 3970
2055 1088
9708 5768
7030 5274
524 4617
7790 4209
3276 5206
2771 2282
9490 5124
7537 8085
9605 96
3182 33
6398 4964
8224 2436
4463 5670
7155 7341
2672 9796
1397 1942
7011 280
6696 2412
3075 1896
1875 1234
2451 3496
5430 1948
1582 2824
5065 5900
6124 8479
6339 2845
788 2021
4689 4744
7544 4594
811 4854
7461 449
1537 3480
3809 828
5271 9209
8427 5125
5010 7708
8220 1948
7582 2902
9534 6275
853 1638
605 1255
1216 4193
3456 8551
1154 4990
5591 1952
4867 8480
1085 7021
3773 2002
1958 1949
8139 754
7553 5856
7472 998
3468 8631
4625 8839
4438 1787
5210 1268
3740 9172
4249 6205
9232 7344
23 5257
9673 280
3617 6474
258 6529
6623 1199
8175 5580
943 7584
8136 98
4084 4748
3782 218
724 4825
3926 2314
552 3803
6742 3598
4740 1912
2772 7567
2769 4614
1926 2881
1080 7273
2238 997
740 6939
2007 3425
664 8858
843 7625
3131 3641
5088 9500
2422 9013
6619 5198
1331 7359
9728 9814
9732 6659
1789 4711
8427 607
2810 6328
5657 5255
9018 6811
2510 2784
9478 3784
2817 500
1650 1693
2959 9116
467 1098
6824 3271
5144 3755
7994 6727
1549 3721
7544 2424
1265 4080
5150 7296
4997 56
6047 4515
1968 7876
4623 8276
6990 9637
9535 2835
2380 831
5708 8034
6854 615
6192 690
7886 5156
5463 9054
8334 8930
3706 5296
9266 86
1519 5397
8634 5521
5502 1593
5646 8444
7148 2590
6474 8548
6281 5506
4220 5159
4347 718
8012 9510
5569 649
7888 4459
9409 9841
4593 6992
6181 3037
4169 9327
9009 6903
8118 4138
4200 6859
5328 4115
2388 8410
3467 3601
4216 9338
8874 9956
4834 3174
4582 2988
7283 9756
4516 869
7508 4175
6111 5661
6999 8653
2263 4110
8421 7147
9538 9377
7388 81
958 7488
5389 3897
7122 7159
7182 4287
243 71
967 4637
2157 3006
8455 1181
2043 9252
2386 7249
6629 25
747 9667
7115 3734
6146 9356
5180 7068
9799 9496
2568 4753
2215 7094
7598 3386
2634 7357
3687 3221
3931 6040
4693 2362
6496 9256
5655 7239
5104 285
6990 138
3451 933
6740 5722
6781 3388
1012 7825
9106 3174
271 1470
2068 7404
791 1360
3583 8656
6618 5029
3562 3408
6093 4706
4973 4752
7237 6889
3701 7940
1964 9514
2505 2429
1301 1282
353 1875
6604 9245
6345 5861
4114 757
5769 3223
293 9092
8465 4294
3656 6447
3667 1961
6576 42
4839 2033
749 2029
6150 4122
4124 1166
1210 756
8964 9639
6102 9508
1006 1707
2052 7372
8683 7700
9294 5336
8937 1750
4459 8145
8424 9406
4284 5516
5847 544
5852 1258
6442 8319
1126 4575
3095 2223
1737 2948
9547 5012
4258 654
2989 8956
3288 1948
4395 6294
3277 8876
748 9503
3096 8999
7569 8005
5698 4717
6881 5693
4909 8420
3786 4844
3066 2686
581 7476
4277 6460
5963 6346
5788 3924
7491 3804
5156 9467
6118 2335
1120 9552
7266 6976
510 6939
5223 2127
7005 5090
6524 7020
6066 3853
102 5837
6867 8145
5890 601
1367 6918
2016 6816
2913 4402
3714 9171
1507 3765
2849 6230
8598 4545
4572 5356
1154 6809
4334 6126
7463 8454
471 9187
9936 8943
279 1935
3822 1654
6937 7010
3576 5517
967 4202
7535 449
4063 6107
3224 6051
619 3240
2241 293
8421 1520
9280 4746
4683 58
3811 9763
3137 2913
6447 2829
6880 3969
4122 1779
5349 9852
6828 5838
2654 3081
3578 370
7820 704
2745 8226
2901 1412
7834 7230
6946 9642
521 8758
2654 9075
6971 6878
3199 3812
2380 8054
7754 4706
3568 93
1984 1445
701 766
6412 6402
7639 5339
7942 8910
6925 3978
7312 5584
6862 1725
5079 9217
5883 7238
3448 5363
9125 6273
2881 9949
2638 8841
701 5523
2616 3114
7136 2652
6241 1456
710 7067
818 543
2002 5181
816 3743
2150 2992
9566 7614
6950 654
2975 8537
8822 6329
6645 6620
2320 4428
7884 6463
3764 8797
4638 2418
6293 3810
6842 4659
9343 5405
1014 8011
8398 5340
5235 8266
4547 5381
4122 9889
382 5023
1890 46
2548 4079
4292 806
6006 9620
9135 6282
9183 4355
6779 3204
543 8397
7449 8340
6150 4906
8271 1544
9639 4964
138 3482
1094 8379
2073 6938
305 7995
6080 8740
6907 4592
9870 2214
9517 6036
8653 9722
6270 4732
8828 4043
8561 2030
7723 6149
7931 5782
3739 5475
6752 346
406 7584
3940 810
9712 7627
7547 2196
5976 1187
8274 8038
6297 5951
8527 5234
8822 113
6253 8549
5274 4907
6135 6094
4920 9063
656 5923
9007 4523
4256 605
1988 6560
4185 2285
8274 8707
6324 1025
2175 4073
8756 7640
5769 522
5733 1772
7622 2696
6959 3625
9221 8202
5071 5499
1448 7845
5889 648
6971 1623
3189 1453
6931 7668
6050 9736
1765 6241
6960 115
3789 5227
6374 1201
6150 8495
325 4398
3330 8884
8301 6310
7563 630
1383 3785
1489 8686
837 428
2817 5675
4054 552
883 7302
708 8100
4471 5996
6 1380
5736 6844
9835 3993
1828 3870
9348 2953
7520 1490
7318 8087
3321 6879
3889 6301
6284 2265
8247 3078
5403 6531
7297 8114
1173 5821
317 8848
7786 2224
9927 7334
8877 6920
574 719
794 7390
1956 7619
9338 7884
2908 1326
8357 5967
7230 4004
3413 4407
1816 2205
7748 6928
5976 9204
9546 1721
2820 6006
3552 500
5166 5296
1563 9984
9210 6400
6304 3170
5506 8894
308 628
3740 7519
3623 5970
9756 5206
8590 6313
5435 3378
408 7721
9585 1948
943 1370
1172 9073
4569 5949
4067 8837
2717 7612
9763 8373
6756 830
7699 242
8901 2921
1896 7120
3187 8457
5580 3576
1964 7613
7415 7238
5065 1788
4888 3842
398 7261
5456 4934
1997 6433
4324 4359
6560 4903
4801 6011
6207 1383
8449 7760
8613 5192
4477 7486
5824 2464
8761 2486
5790 7596
7108 6956
8533 6828
3772 929
2724 5920
7974 9495
5374 2765
8245 2467
8597 7537
559 8284
3656 9568
7368 580
9164 9655
8625 9873
7310 7401
8018 7933
8499 2970
9144 4400
9324 7368
5825 9732
1130 3871
3287 286
3409 8953
2386 5847
6946 2009
8889 8286
1905 477
8830 6221
227 6527
7791 8878
8203 3899
3619 5322
7902 40
996 2403
3621 3844
3143 1228
1712 827
7153 9784
6281 7082
7171 210
7268 2777
2926 5301
8512 9731
6028 8022
4139 2922
4173 2797
9576 6946
1529 7231
252 7965
2384 3368
7957 9982
2225 3101
8866 7660
6573 1077
3323 9045
9940 3145
9356 7580
1609 5425
972 8317
6810 8171
4012 2973
8264 698
9671 345
1651 4766
9298 9922
9531 8316
4697 3802
2253 7286
551 9824
6435 851
3157 4950
4699 5094
2982 1027
3440 1995
5336 6103
6258 1935
1154 4213
9356 4983
1718 1527
3430 8520
6009 1807
1779 3400
9514 1623
8447 5553
5327 4323
4874 1147
1882 5958
5013 9061
8274 3170
7716 8644
6904 9655
9429 3194
3664 7596
7161 484
4446 7269
5568 9024
6394 7914
4842 1350
3171 1298
5579 1358
2579 7887
6668 1013
1228 5110
52 5196
9199 295
6709 8548
3810 4785
1615 6353
2378 8585
9735 1917
4462 7963
1107 8058
8755 5849
4753 3967
1116 3662
5890 6975
7590 6357
6064 9017
2987 8415
1965 8554
7544 1965
1284 4151
559 7019
5213 1608
6299 8488
8972 4586
1562 3662
6896 4616
6780 8609
2258 5378
357 6084
4079 5537
4404 9733
958 7453
8721 2598
3365 3962
6619 1181
4373 2497
6678 6955
7498 1735
636 3144
7668 2628
4690 1304
5413 3927
9461 1447
2237 4378
6157 6586
8196 1459
7885 5747
9746 826
6061 7760
2887 3700
5122 5009
7966 380
9289 4398
7938 9824
1110 522
4742 7213
8415 1451
846 3100
4320 7030
7991 7273
360 8987
7805 32
2985 2913
4611 930
7209 6672
5673 2876
256 3967
7505 9680
3337 5032
4637 5062
3509 2412
3267 5634
1844 983
3044 6434
4901 6645
6506 9031
9768 5614
3340 6134
7204 7934
7395 6376
9787 7008
2615 4438
4849 1866
6956 4447
3945 1165
9763 9287
2392 2929
3763 7948
5720 2170
8188 2001
9869 8176
6028 563
165 6642
3107 4642
627 1370
2476 5403
7636 8261
5275 6501
9797 8829
785 9977
4026 8596
2489 3735
6882 7219
6638 6839
1850 5391
414 5034
9745 5394
6507 1610
979 2051
4272 8206
8758 2314
3819 2575
8689 4359
1650 4131
7653 7262
8150 6890
1385 8210
7974 1272
5687 2292
3681 2946
4 6268
2791 5235
955 7442
5657 2242
1754 3665
5522 7746
4556 2579
1219 1712
4776 9914
5046 2522
5568 2507
9185 4588
7241 3524
3648 1535
7420 5234
5922 8686
8369 1326
8201 2489
9523 8583
1619 1247
8702 9408
2376 3988
1739 404
2334 8806
6991 6262
6496 5773
7246 1158
7378 7497
7083 8202
7994 7431
3793 4122
4822 6520
7742 6836
9376 3230
4377 8729
2188 6192
8294 3799
3820 6159
130 5197
2848 6837
1189 4842
4543 1157
8738 148
1439 7211
3947 704
5406 1320
589 4187
7453 4579
4586 5856
6245 4903
1027 9104
4428 8262
4073 303
7478 3447
7338 1218
7367 1886
5354 1157
6242 8950
9579 3664
7781 7593
5396 2165
9282 3673
3322 868
5603 4107
6345 9240
1572 4273
8951 7944
5809 2085
414 6281
7084 8434
2669 7992
9872 2728
3337 3520
5966 9432
7945 8503
5000 922
8074 8651
9507 8861
9821 755
4939 3204
4700 3371
7101 8097
9646 3093
2934 7409
5347 4156
8536 3297
6579 9347
4923 7403
2292 6553
336 9802
4902 6170
6162 7842
4240 650
6198 299
8436 6947
2263 9658
1342 3879
3733 9298
890 1775
3082 243
586 8556
4084 3788
9966 1702
4342 8727
3727 2104
6569 3268
419 5136
8302 8529
7209 9259
3856 8995
6894 2634
8973 8399
1892 8878
1955 2700
5613 5625
6512 517
3470 92
9216 6346
2085 2373
7875 2537
6308 7471
6572 6332
378 8995
9239 6205
5576 5203
2088 1631
7918 4087
3348 7951
9583 5685
1896 1088
9747 1641
3113 8102
5591 6051
9798 326
5920 1956
6443 4836
1383 1319
2686 9423
6062 2640
8020 2897
9638 5750
7123 409
3536 4881
2598 9382
6744 1264
6763 6400
476 6787
2790 4666
4358 8469
741 4327
9197 8912
284 3620
8760 7252
247 6599
1400 3925
1889 6942
7664 8999
1449 3996
4518 2703
4565 709
3452 415
3582 4656
5193 43
4359 4596
8528 8020
5065 7592
1899 3693
3699 726
5466 3502
1649 6283
4634 5999
7981 2819
9375 9820
8736 1477
5338 8793
148 1654
3904 31
874 8782
5330 5628
8427 8716
2893 5651
8071 3380
8859 4296
5043 3971
5299 723
8530 1015
1053 8281
6075 7453
2433 763
5281 5373
1306 2881
9257 9734
7871 3410
3688 1867
2818 4917
5396 9838
5075 2932
3390 8982
7928 4601
3959 5078
4776 4765
6178 4615
263 9133
600 5622
3956 3421
6348 4566
347 3054
7410 11
6393 8336
5509 5448
608 3176
1152 381
5327 8692
5939 8120
4891 7092
9524 7832
6803 202
596 6541
6703 4642
9470 8738
2810 8066
7911 9396
8569 829
9491 2021
5522 3378
2588 9591
9092 8510
4470 1600
3612 5796
9288 1571
3193 2479
730 6863
3897 8516
7763 144
2457 868
3308 1751
8865 6770
2638 2541
5264 1756
1812 4497
9201 3918
2598 1512
4503 9933
8740 8292
5732 8995
2929 906
5354 7899
5544 330
7335 1048
5499 52
3066 9346
9563 4654
70 837
725 2321
5872 1928
6335 1856
3983 4790
2369 9275
9881 9217
2359 3964
9776 9470
4411 3461
7938 2401
6397 965
1225 2307
5205 4216
6256 1759
1431 9854
4354 7943
1442 3666
9207 6418
2420 3804
2660 1073
6922 563
5529 6269
448 8118
8688 1535
276 3596
4934 6101
6716 7668
4440 9759
1095 3564
6722 2119
5599 2224
3359 2515
4920 1938
7775 8693
4756 3357
7050 607
801 6865
5478 5833
5435 4956
1859 7087
5528 4721
1483 7835
4919 8252
1227 3773
9225 9447
5323 8855
7081 541
5473 4698
7204 3014
1348 8510
342 9995
6778 6919
6546 4326
5300 9850
2189 8607
4324 6139
1705 9635
6591 878
740 5523
7595 6668
711 4001
9467 5309
8034 8194
3526 260
1391 780
8628 2421
3607 3348
6744 5532
7942 4563
1289 592
2952 1376
1583 618
5123 9183
7149 7446
3949 4595
3957 1680
5418 4680
7799 6340
527 1468
8884 8351
800 5040
8459 1409
9978 1902
2531 8356
2890 1058
2935 6176
4234 7003
3716 9334
2418 8849
186 8850
1045 6080
6310 6795
6822 6947
7002 8927
5549 403
5005 6473
5679 2938
9792 7911
2917 174
640 3220
6652 8793
4555 2891
1660 7780
7446 8415
963 8464
3922 1677
1282 34
7306 4720
8729 1663
4587 3030
4900 3603
2806 2486
6052 6461
497 1296
7210 5804
6417 2244
8209 6966
2198 2251
1524 3418
5135 9041
9501 8586
7963 7084
6481 3327
5191 5644
5631 5072
9182 1253
5586 7609
8320 3048
5986 2069
6838 5198
7282 6150
1205 5159
2047 1678
3468 4316
7836 5054
3195 5310
6528 5545
3529 6313
5639 5721
6005 2725
1270 4853
5664 2138
6621 5164
6657 599
8645 9149
6265 9454
6580 9937
1758 3350
7381 2804
5037 4802
9858 875
7808 577
1876 3871
4725 41
4080 2007
7408 264
6064 4113
3927 2429
486 9066
8537 6883
5021 2868
5670 8687
8788 3740
8730 6590
3786 178
8931 2835
684 1203
2866 395
7045 5086
261 2750
439 6616
6519 6638
1740 6001
3390 2466
6009 9329
2864 8314
4267 8154
9780 6990
5204 9121
1789 8135
5141 8134
6254 3901
3075 4573
9579 4860
1246 3532
5384 5399
8805 5787
6444 8405
6349 9032
6946 2786
350 6263
581 4457
7313 616
8567 2530
1422 5876
5190 7923
3297 2126
7609 2304
361 2618
3562 7167
6421 8529
1219 2476
3944 7465
9509 8480
1710 1375
641 6171
2174 9002
7785 8877
7552 1796
6587 2459
6005 7049
3438 5370
8341 7460
2101 6679
8177 4139
8043 3730
5470 9779
6365 1820
5044 8104
513 9848
1106 87
819 46
5235 9019
5749 4295
4340 8732
4752 8565
6030 1103
1161 9372
5091 5849
4134 6483
5364 2830
302 7571
3332 6910
701 2395
2636 5965
3833 9447
1283 6739
1352 5917
6229 3392
134 9322
1711 7805
2338 9445
9386 9478
7699 4366
8617 6992
6729 9194
3969 4029
4483 8275
9785 3248
6714 8325
8317 3353
1658 8375
4898 5304
7281 9291
9750 5243
3142 1698
5715 4812
4772 7558
492 856
8184 3853
9210 6334
3777 5643
9235 4638
5477 7253
2255 3076
6132 2981
6677 1809
1005 8357
6146 3963
4546 4082
2196 8408
4616 3374
3850 5030
3479 9157
9257 6925
7783 8929
5064 2860
9114 1982
9576 6014
9139 260
9826 28
7036 6674
9111 160
5021 3905
3807 6414
1412 6529
6309 4101
1657 802
1718 403
1793 4205
1159 6320
7996 5330
5292 7202
7917 3816
2694 9022
8781 131
4823 4286
4256 2168
1372 7941
4262 3689
9 9573
5350 2842
5512 1254
2619 962
1203 8312
263 9172
4221 4934
9100 3506
2031 1705
1381 1909
2243 1204
1211 4784
7633 1280
1706 2022
9845 9488
9429 3777
6141 8103
4196 1586
969 5154
9817 4038
4582 6955
2613 4381
8758 9608
5909 9888
5186 749
137 9666
6560 2353
1446 8804
8362 565
5208 4231
9548 597
1116 1715
8883 6486
3031 6118
738 7513
2536 6877
1888 7343
7326 5288
8591 6829
6026 8025
5371 1817
6836 9096
9351 9763
7216 3788
6657 5391
3224 404
9945 5585
4490 3985
5838 897
5498 2272
6576 9791
9149 7672
8213 3259
7778 9217
5027 6157
212 1532
4539 7183
8860 7730
3761 2020
2363 9119
9269 9243
9461 5346
4289 2132
6932 6302
2852 3340
9449 7693
1330 3754
1448 5579
2667 9163
882 6091
1985 7999
8760 499
5179 1692
5864 2761
6725 6759
224 3818
8534 6379
3002 7333
330 3803
3383 6080
6327 1475
6364 1686
6707 2518
201 785
5734 3281
5062 4597
1137 6271
7134 1270
482 8961
167 2597
6267 4170
9577 6093
3116 5631
9159 4951
751 4115
5249 8864
5779 4801
9764 509
1635 7074
3791 2660
1490 5079
7026 3444
1696 5626
2680 2262
9245 1732
6850 1368
3635 786
9812 2156
1898 270
8569 1076
3359 5249
33 1619
8031 6198
8818 6335
6507 6624
9634 3407
5169 7506
1106 1188
7143 6133
4397 7490
2950 6896
5706 9019
7264 3881
5228 4993
4988 7607
8611 1364
8504 2715
9300 6240
5045 5407
5412 5497
6808 6345
5755 2620
2097 3442
6198 6128
9679 8624
5013 5765
5873 1079
8125 6462
9542 1013
4354 4150
970 3824
1346 8899
8013 8270
4903 2454
8206 4865
6143 1736
720 8899
681 6605
1140 3085
6922 3822
7682 9099
5314 6364
2594 2845
5490 7425
4590 2838
6698 4031
1052 1262
4527 2983
4998 6856
4607 3826
8539 3744
7922 4813
2481 3276
5045 6974
397 1519
5321 6457
4091 532
6467 1870
8510 4982
6305 5167
2780 7478
7864 5367
8167 2111
683 9457
4371 7697
1607 4284
8478 3095
5282 3938
1176 500
3883 9317
7800 8515
7027 3070
7516 241
9940 520
4795 2656
4473 15
550 9439
1046 1061
5880 2555
6646 369
2592 5587
2603 2699
9912 1037
7978 995
5249 2528
694 8010
1099 6987
7367 4264
451 4793
7851 7926
2171 163
4662 1714
3224 1591
3733 9038
2049 4221
8058 8621
3853 3513
6724 2212
5912 4327
3158 6479
2262 8944
5270 2266
1962 6463
8916 3562
2072 6782
610 1086
4703 8719
8198 2429
925 888
9475 8320
7303 8940
8946 1027
4470 2073
4156 7585
263 5154
8351 6123
1635 1372
5664 3226
4893 2396
9752 6760
2675 170
6966 5267
3611 6972
3917 5134
5314 4295
1287 5024
4851 4837
9175 3322
9998 4242
7795 9889
2307 1330
3299 6917
8430 4486
9450 3331
3055 4971
7535 8529
1135 2715
5645 7132
1973 3678
7416 7498
8155 9021
2271 5968
3867 3326
1272 6798
2196 2341
3228 650
4600 9863
4452 1344
6871 48
6836 9125
7521 586
2078 342
6759 2758
3888 2136
9192 2043
1348 6319
6826 297
1733 3285
9059 7331
3050 5103
3214 2651
1134 713
1743 6885
3928 1272
8262 4301
261 1925
6841 8290
9976 7568
6943 1928
9208 1108
9437 9135
7606 153
993 6908
3823 4302
8129 1167
2284 9540
6997 1733
5911 4869
9452 1365
8599 9874
8829 2616
3874 4891
1782 9422
9478 8535
320 4165
6342 7131
8122 1942
5665 4078
5045 981
9720 4834
3061 9626
3143 7094
2016 720
4928 5108
2379 5106
8116 5577
3328 9334
2278 6821
5261 2715
8370 1570
7430 5288
3981 3963
4824 5153
1417 5055
6067 1832
9824 8470
1645 3764
6812 9203
9473 6779
2874 1061
4494 4369
6156 5214
6048 764
3802 8787
9663 8844
8816 2330
2610 8149
7404 7773
5644 9179
2270 6863
9302 9872
9040 547
5282 9645
3932 9563
2521 3075
7348 8482
9840 7309
7075 3060
9132 8767
7915 4059
1350 2630
5391 7223
3015 7493
5859 3495
6360 9039
3558 294
4509 6011
1758 4621
5328 5608
9931 6402
6832 4239
6265 6587
1496 334
2490 5301
1074 4343
8641 6876
1263 8210
5513 6672
4481 1817
7531 7789
3786 437
3202 3481
9516 7053
3973 3829
5550 2453
7731 3523
8835 1512
7227 7111
6364 8804
5726 2681
5003 558
2420 2017
398 6681
9030 6298
498 5085
140 3511
8077 2142
2616 6394
1036 2784
7070 4442
6361 8661
9751 8620
6611 5117
8041 9751
982 8401
308 5676
6090 4850
2786 3227
8016 1185
3083 2834
8023 7674
3330 464
2312 4220
5445 6693
8895 832
6075 3580
1733 1284
6319 6341
806 3799
5405 5280
8640 9278
5316 2096
4777 4464
7420 3226
9356 9388
8378 9850
9700 4236
6419 8687
5330 9286
6308 2391
9672 1347
855 150
2326 6728
3943 4806
8530 6444
2421 4216
5779 7802
4194 8744
2358 1234
5686 7848
6799 2218
7337 9506
2454 6224
3879 7497
4865 7632
1011 1519
7491 3014
5608 7293
8423 5166
9770 8049
520 2614
4696 2911
6967 4161
4070 1898
42 7674
6329 4095
3600 8459
5591 7453
4010 1348
7695 6101
2848 6446
9940 898
5432 901
6724 2765
2193 6900
321 7191
1464 7637
7328 4184
7522 4425
2539 8292
2154 1980
7455 7190
1303 6916
7919 9032
7422 8154
3282 7074
7470 3669
5200 4074
2674 3797
7479 6065
7436 1305
9704 3141
7353 9137
2631 5962
1130 1406
9930 9585
8809 9402
3946 867
8991 2749
9595 8516
2981 7692
5342 4038
3618 3246
9721 7795
2436 3254
1510 3724
6945 6473
856 849
2276 4314
9837 2165
4284 1956
7901 6015
8223 3697
8265 8067
9722 4333
5082 9924
4202 8963
3083 9744
5962 5665
9522 4106
9415 4836
3526 7876
9896 6206
2639 2335
8546 3097
8591 4677
2912 7429
4231 1025
9790 9326
5814 9920
4981 1654
8072 8103
8171 1586
9522 7982
3389 1111
4886 6610
4791 5731
2750 9448
8430 24
6119 2017
1058 5929
9520 6624
5741 405
7012 6773
4732 2058
9954 6635
9851 9602
9124 7761
6763 5422
9705 8309
6684 4656
8946 7434
8210 1981
9886 7180
4678 4783
2594 9765
3206 3797
8861 9052
2133 1448
2362 7765
4574 2748
3250 1330
1157 8251
6759 5188
6606 4988
2684 3007
319 7810
5333 6401
6983 2086
8414 3759
519 9831
2094 9948
9464 188
3429 6054
740 72
5628 5315
3060 1940
3735 3935
1406 7615
6276 9959
5222 4697
574 9689
2098 9586
9445 5396
8463 2460
2068 46
3033 8602
7245 4743
654 3301
1866 969
4821 704
4447 6533
9360 7369
9947 8379
4075 1398
4995 9368
5809 8454
8537 5822
9256 2404
7850 9877
742 8032
7590 8280
8004 5581
2281 4457
4694 8991
3281 8104
5748 5307
5137 4517
249 4040
329 4729
9639 1066
1321 7064
7465 2700
4237 4578
65 1423
5486 8249
5451 1988
226 6788
3114 6167
8529 3779
5087 5489
3685 5083
8117 6890
3619 501
3317 4019
5572 5215
2075 3120
238 9676
6711 526
814 5303
1343 7702
4392 3270
3505 5031
2653 3759
5080 8348
1403 4081
5511 6549
9642 4149
7381 6237
8947 575
9081 3735
1261 6046
5850 270
6173 2330
1750 550
77 2588
5352 3226
2436 7384
1097 414
1577 3085
4236 9859
5421 4968
2615 1490
9704 5526
3478 6088
2294 474
1578 239
6222 7608
6441 8345
7420 3234
8857 322
2009 4530
8271 8815
8729 2285
4113 2257
3052 6967
4659 5861
6338 9221
8314 6293
3430 4359
566 647
8852 5661
8255 9603
1009 5112
7003 4827
943 2751
2993 8343
4228 3913
7850 890
6696 3800
2761 7419
1413 1220
3036 5327
5814 5716
3901 7001
9293 148
4915 3060
2668 8210
1470 6347
6274 8668
7805 3616
5281 9285
1314 300
3973 6316
1633 2424
1371 7423
9596 9630
1598 3146
9234 7631
2624 2927
3788 5292
1211 2
5533 795
7836 9933
5674 6017
2443 1502
4616 8028
5994 9145
2138 2127
9906 2736
1354 9497
4082 1476
5629 1870
551 5284
1462 9521
8975 3838
3722 3346
4879 2513
2404 5278
3751 519
2463 4039
641 5615
9980 9868
2807 1567
3636 2452
1008 7106
7725 9888
1573 4291
1209 9734
4372 3663
243 2551
8471 6153
7042 8604
7779 1269
3148 3481
6740 6859
8376 9386
272 7314
8855 8467
1495 5761
9062 8983
1648 9009
8513 1868
6113 3834
1773 588
1303 2669
906 87
276 9912
5568 4488
8573 1376
2089 1538
8419 155
5711 4149
8730 8338
9616 4258
5435 2742
8238 8611
4600 1259
903 9461
7639 5173
2491 3945
9495 2560
2178 4070
5953 8288
9110 360
1746 4367
9893 119
3672 7524
564 1493
3298 4364
3137 7774
4218 7514
5152 8560
4430 2294
5487 9016
9008 6107
6848 3399
8884 8143
2042 5858
7977 1640
8196 442
9228 9256
2512 1068
2849 8119
4939 7076
694 9409
6163 3275
2035 4716
9727 1980
7408 3617
9639 3658
2801 94
1351 5638
7518 6493
1235 5528
5481 4706
3516 1657
6168 2695
8546 4962
5002 4084
5711 6311
7354 8410
8321 9599
9943 3573
1364 4167
8416 61
8450 4359
2000 4537
7641 9133
7904 6873
3550 6355
6884 9411
1594 5988
5893 4506
7107 9340
6170 4764
6978 3323
7906 3328
6303 4390
1772 1752
5694 3944
5129 7067
7111 5419
6256 9157
9656 1630
5053 9412
7057 8128
534 9355
9427 7943
6816 2333
3705 5437
6465 2023
7997 3651
3083 5126
6452 8672
8233 3251
7361 6152
1178 9605
1226 9816
2299 6174
9732 6736
4849 5476
4287 6758
7707 8849
2789 8551
3901 8359
7573 9439
8046 256
7479 3105
9070 3460
2336 1129
2704 983
3397 1801
2051 904
6950 928
8129 9610
5644 642
2600 6969
588 988
7736 1238
5944 4234
2336 7901
4771 9873
5678 7921
8106 921
2125 8120
746 8839
3838 8602
4032 3865
2079 2485
4706 6802
1898 1861
421 4290
2715 6931
6838 1077
9668 6490
5369 7831
7515 8101
8792 4802
6212 3523
6123 4129
2798 6028
8803 8
8864 6805
6804 3997
2936 6722
8909 5250
6532 9141
2335 475
7479 480
7158 8746
1082 7029
1253 5634
2750 2914
1323 5736
9810 9229
7653 8555
6361 577
4004 5870
3058 413
5426 5909
127 2841
8140 2946
7581 118
1299 8374
5765 8317
7322 5731
6365 7376
3046 5769
4775 3168
7258 5949
5482 1067
4187 3707
9069 353
8888 5954
5136 6465
7417 7066
5054 1248
8619 8241
8888 8306
8052 2632
1615 2948
9971 1492
1906 1921
2189 8985
7531 8235
1094 9889
3154 9477
427 9060
8654 4432
3876 7228
1229 5345
3238 9299
899 256
677 5116
8757 4804
6880 6468
5115 4625
4333 2533
1095 2694
1800 7147
8163 9903
8422 6900
5370 7527
3911 5577
821 9559
9587 4455
4430 824
1402 6270
9710 671
593 1650
1244 7073
228 2726
1355 4626
4774 8529
5143 7893
7964 5959
2632 6728
9065 1325
6922 6337
3928 3372
6344 5099
4295 9197
5217 2424
2038 4290
3223 8063
2823 423
2101 149
5903 1090
9675 5695
5545 744
2753 5382
433 2928
1595 3628
1823 7701
1759 76
9347 3372
6742 7221
5306 6144
2778 1030
7509 8930
2588 483
5305 7079
5069 7541
3857 2482
824 7974
1650 1226
792 3184
618 961
4665 1366
7602 1589
600 4336
2531 3147
8715 9451
3680 4880
4843 9759
8312 8645
8185 6614
8155 2269
77 3353
7858 4053
9770 9341
6876 3784
8426 8120
2580 3558
6602 4344
1478 1411
3428 5920
8329 8251
7951 2157
8364 5618
3860 8977
7639 1065
9662 3004
3041 4177
5028 8349
884 1311
3507 3548
1818 1259
7460 8746
4721 595
6870 122
8278 498
8281 6900
5217 2265
8284 9904
4317 7919
4989 2240
193 792
1702 5811
4122 5421
5079 8402
8529 8252
3460 166
7903 9879
4101 7070
791 9204
7436 7769
8747 3738
698 7140
2783 2761
7787 775
5892 5124
4031 2964
6322 1267
3354 1026
9557 1648
4624 9299
5515 8467
1592 25
7037 8115
8997 5337
8163 1214
9113 5112
482 7220
3492 6455
93 4561
3027 1360
7633 4303
2509 3405
4221 496
3843 6636
6524 3075
7512 9142
4580 8136
2253 280
2145 673
102 4668
3764 2449
2611 4678
6011 8918
2481 9101
7774 6899
932 4996
8621 3264
1665 1211
5957 8187
5803 6541
4271 2361
8812 5088
3701 9970
532 2346
4966 3212
4309 9420
4458 8358
7596 5183
1691 7831
7394 5302
8014 4742
8861 9625
2143 2516
520 1316
6470 1042
4322 3958
4869 3561
397 1402
3637 7523
976 6040
8386 135
4135 4561
2589 1511
537 263
5667 6482
9519 8126
792 501
8526 9528
3499 9187
2944 1185
9449 9216
5875 3924
8890 351
4550 896
7960 6193
1546 4168
6854 1354
6916 7879
606 4300
7035 631
1978 257
5648 9988
1523 6196
3165 4368
5035 868
7903 4449
4579 9790
6590 9169
4259 211
5671 2238
6961 9640
2302 9473
4935 5351
1271 9438
3584 646
8921 9198
2152 2313
9207 9192
3567 5886
2400 2694
7186 181
5861 7092
8289 7097
9588 7063
4763 7747
3619 395
8628 4797
3670 2337
7955 6174
5053 6171
4924 3726
784 4388
1946 8705
2296 2266
583 7398
5601 8372
7810 2977
5052 6779
3779 5210
1183 7838
5762 4207
4674 5836
7026 8526
569 7355
8642 6869
1236 7393
833 6228
7769 3459
9397 1472
5145 9584
4800 7322
6479 7365
