5768 9238 7004
4422 9055 9429
5137 4052 3184
6614 8738 244
8676 559 7083
573 4547 9338
5767 7851 7471
6735 9723 1392
6160 947 7818
2535 4816 6299
2118 4788 3794
4263 1973 8802
2194 1211 7177
7654 9256 9318
8554 8182 4318
7636 734 2950
5353 8054 2222
6846 5651 91
4018 9033 9514
5611 8261 8108
1610 2601 9236
6885 4495 3950
6450 4413 8585
8280 8379 3335
2161 8113 8595
8153 8181 1540
7074 8523 212
4867 7182 6761
4077 5272 9136
3702 244 2940
9288 6582 2949
9069 6043 6654
82 1669 3686
367 1186 6321
4364 7072 9674
8887 4684 7538
1496 5865 852
7974 8536 9738
7895 6742 5419
2474 2808 9223
4814 2748 4168
5645 8992 1797
385 3092 2069
1940 8071 6511
7853 6706 7337
3890 503 109
7087 5190 588
1597 2205 4379
2088 1313 8045
3211 1173 9300
1234 7607 8861
4463 5553 8437
2153 8719 8080
7877 8501 1592
5469 9556 7793
4340 120 1830
2400 4004 6239
5310 5386 7618
8635 3216 542
9788 3557 7678
3751 7174 1918
2768 706 463
7650 3390 1153
8899 1737 1783
2029 9210 6688
8995 6128 2649
6586 7747 1193
6215 810 7168
3060 5923 2220
1243 5828 2337
7895 2364 5161
401 4125 1327
9674 2700 8849
7329 6689 6729
676 3500 2267
4456 3281 6176
929 9639 7087
7892 3202 5809
6485 7536 6363
4749 9707 4782
8243 6407 7561
8815 1004 9373
6621 1627 5084
5361 9321 3427
3799 9256 1057
4463 5538 7309
4901 8604 2642
6044 313 6188
5249 2 9162
9352 3916 6589
4963 4924 2993
4067 9086 282
9168 1861 2496
2894 7834 1653
1092 5567 318
3660 4092 3945
4751 2021 1997
9053 9848 1102
2139 2199 6093
1372 3566 1001
210 7269 7711
8495 397 4396
434 9732 170
775 5295 3677
4813 2006 770
988 4952 4745
5870 1589 5909
5216 4600 1895
4591 5910 5075
1890 1927 6887
4189 7795 8294
1494 2683 564
3942 2596 5170
5921 3226 4360
3775 3976 6725
8320 4239 7841
332 1150 7247
1347 5502 1977
5092 4994 2669
5816 3903 4487
9321 8543 7805
3283 6585 7500
5382 3318 9323
206 7046 2355
9575 9948 8362
1549 1440 623
5169 6271 1670
7233 1558 776
9640 2841 2292
6317 6402 7688
7894 8126 8693
682 6600 4682
6555 492 7391
9225 2938 921
8518 126 4104
4891 1772 5554
3614 3543 3553
2046 646 7631
2816 2087 6985
7028 3642 3744
5207 9064 6916
1634 2311 8920
3661 8892 3347
3680 4993 948
3231 5944 3333
749 8715 1432
6672 4748 1069
6738 2703 2859
4135 5848