2880 1869 2052 559 6921 4481
757 2388 4431 1115 8881 2872
6013 632 3329 7640 2548 8955
9034 2387 9596 7322 1424 6577
3884 5558 6837 4381 881 6437
7261 9266 8610 6399 9294 5094
297 5956 889 1645 6914 1736
4328 7369 4654 3061 3 8946
1713 5987 401 7276 5961 9494
3588 5557 445 5474 6674 1362
7644 6376 1507 7994 3854 9615
4261 9613 1337 8234 7343 6592
8066 7389 5473 7859 2994 4054
1923 823 5554 7890 2668 4893
6036 9984 3304 9115 2810 3736
4649 4822 9281 9526 4000 537
229 6333 3514 5039 8799 389
7609 3478 8644 3809 9210 8572
4021 5728 2563 6390 3551 5851
5807 9753 3707 6614 1958 3869
6311 5145 6803 7601 3585 2520
7310 8539 3388 4935 7630 6660
540 6884 2023 5165 281 9190
6248 2226 774 4732 5094 7082
1173 8258 1271 3430 3718 4247
6830 3614 4375 9645 8727 3654
3586 8 9893 6123 6498 670
5183 9085 8098 5902 5850 6666
3827 642 9471 4517 365 9731
3095 1578 50 9721 6427 5326
1249 3879 4820 9141 8105 4015
2285 894 8156 8369 1578 273
9296 124 5728 103 9548 6009
8983 5270 2408 4604 9602 3076
4776 2312 3248 4644 6550 7148
3603 3865 3580 4567 4874 2618
5849 6042 980 4082 3617 4955
8510 5458 9063 9198 5220 241
4003 2991 2029 4041 737 1156
2917 6645 4277 1744 4364 5792
767 7641 4344 1007 4765 7713
6692 4729 5250 3109 4254 3506
5029 4901 1653 7453 6093 4143
4012 5577 7092 3007 640 3558
5119 9562 3128 2423 1649 8229
8341 4104 1677 5187 3315 5975
610 7502 692 1350 2505 491
4991 894 8736 8523 9011 5835
9503 5464 551 133 7732 8787
8700 7759 7000 786 5888 5203
4585 4269 3080 7020 4767 149
1829 9841 1586 5677 6842 8590
3451 2661 3072 6601 8016 9746
4821 6596 550 7293 2920 6185
7678 8208 6372 2890 6487 5555
8975 9824 1614 5488 6765 8236
7410 7970 6126 8587 6693 9170
4248 3825 8621 1960 6682 5070
5714 2099 9743 7254 5964 9292
4653 7292 1348 6895 9342 6559
3777 8939 3354 6031 6702 7018
6976 7962 5896 4836 9190 45
3619 6234 9902 1380 3044 9095
7563 5717 1525 1301 7175 4388
5811 1721 3860 2322 835 9473
6887 515 8627 9567 4810 7753
5816 8217 7122 1603 4983 8719
9174 878 2908 9697 3634 9729
9389 3273 4247 2253 9331 3624
5033 2475 1764 8965 219 4981
3158 4654 7126 6423 7948 8674
1417 4052 1424 2149 5563 4826
1972 5960 733 2806 2127 6297
1479 6113 8086 4130 2932 7562
5225 4634 1184 5002 4533 2334
5988 6850 7997 2141 8444 329
1592 2750 2930 4234 8280 9581
8305 7239 7709 9420 281 3371
2891 2227 348 5467 7486 4105
6894 9028 1721 9564 1197 3313
7490 6415 9519 9090 6160 8713
6828 9830 7515 404 1213 9376
3366 7244 7833 8505 5825 5692
9853 5804 4353 7812 2111 2305
1985 521 9364 3892 5246 9416
8608 2028 1553 9616 6744 1864
61 9214 1079 8995 2592 450
5855 2486 1014 971 2100 241
6272 8388 3202 6028 9711 5393
8960 9677 4303 7213 7104 5639
9349 2936 4583 8098 1795 9184
7823 3750 500 5968 8444 6610
4613 857 3212 3903 1957 9624
1291 1014 8421 9122 7620 6858
6213 2579 2317 6159 656 7066
7561 2847 2110 5440 9646 9655
5866 7756 691 1829 3148 8350
9740 303 9944 6592 1415 8854
2180 5056 7720 4678 5922 6090
7217 226 5316 7725 1884 9216
6867 1663 3093 3433 8407 5596
4500 9173 1210 3556 8036 4200
8933 9461 7865 70 9381 7316
6913 9621 1164 3463 3979 5599
9346 2883 6925 6020 8222 9419
4338 8141 5871 1475 4962 1484
5256 6306 1896 4348 2092 2242
7643 8623 7020 3520 5744 6460
8224 7147 844 7999 812 2263
8051 3404 7684 7493 4087 5523
8671 8479 950 1791 9217 9895
8328 7458 4499 6381 4813 3075
5420 2565 7529 8922 5820 5355
8579 5826 7138 464 7795 1075
8574 6339 7328 3608 3423 1558
3800 7762 2219 6372 5676 3612
1291 5851 9405 7125 5191 8286
1961 1842 2333 7769 2579 8247
4734 9129 7583 2328 8914 8260
8385 8207 684 9875 3217 2878
2566 4719 4034 2940 2581 7051
855 9048 6888 3916 7630 9968
5949 1454 634 8851 8502 5952
8742 804 3760 9081 8874 4294
3974 1471 8848 3959 7986 7469
2928 1415 2634 6527 4558 472
4251 9021 9261 5282 6914 3530
1358 817 1498 7615 6379 7460
7625 9533 9704 4731 1133 2412
9118 3484 5845 9740 8966 1110
8202 6895 1061 9418 988 6215
7334 9422 6895 162 4599 9481
6691 3459 3889 229 7723 8057
2795 6359 5091 1388 6333 8452
7764 8196 281 221 7408 1073
4626 4511 55 8151 7079 18
2468 1940 9828 5283 280 6956
564 7462 4934 223 8040 7673
8522 8888 5761 7787 6944 2606
6018 6814 561 2609 1653 2791
5933 7112 2013 5822 5536 88
9426 8539 6380 3870 7761 5782
8228 7512 6078 8135 823 8871
3518 7541 156 2608 1699 8520
5311 6839 7566 7448 2133 264
9457 9859 286 7036 9349 3167
4942 4742 1926 4845 797 9500
1293 4651 1127 9978 9558 9431
6527 7882 5991 1690 9090 4112
2634 3325 5413 3493 510 8696
2522 1977 6406 6115 4413 7901
5496 1192 8163 2910 3192 6081
6944 8673 6743 656 1314 7047
7392 5332 7280 8134 920 4250
4273 7766 769 6173 4401 6024
7754 1449 4231 3229 2323 8819
3094 5178 237 3226 4482 8366
1268 3616 4690 9909 4746 417
7368 1978 2010 8366 6101 5177
1416 4387 1056 2155 1841 6647
7132 9322 6790 2138 5156 1743
1849 3714 6349 7924 7561 6136
6809 4166 850 8913 6866 7304
9560 4364 3019 351 8805 2423
4014 9387 5348 9053 1813 7936
7762 939 3336 3590 6093 5159
1576 9129 8460 2946 8059 1032
4067 9444 4416 5873 1557 1934
4326 2502 7521 3752 2594 7477
3628 6780 517 4366 8124 5768
6395 2795 1901 8413 161 6622
2800 3219 8072 5691 7337 7736
8843 6613 6304 1987 6284 9361
8006 8140 7830 3413 4726 9310
415 4009 8344 5859 9961 9313
4642 7209 1005 2691 6551 5264
9131 5653 9282 7794 3073 8338
3862 8635 5165 9784 4908 5981
1173 1640 496 1156 6360 9984
7938 2982 8069 2590 7998 6151
8277 6941 3257 8759 1049 127
6731 6152 61 1040 2856 630
78 212 5066 9492 9550 6091
4145 630 9101 2363 4686 8320
8816 3485 849 1020 4752 3569
7195 6540 7655 3131 9516 6132
5080 5103 7586 5037 3053 8756
5919 132 8784 9865 1077 6147
4917 8446 3431 1977 8445 7368
7050 5913 2255 4936 9942 7563
9278 5710 1400 6492 3845 6315
2975 6946 695 8934 4411 4447
8504 9108 7576 345 6444 4553
9536 8951 2408 4701 6103 6306
138 5217 8095 286 6081 3602
3877 144 5160 23 5758 7343
7355 9426 6287 2469 6890 4130
5452 5983 4034 8983 3472 9337
9792 6705 9469 7701 5400 991
5155 4576 9607 5093 6353 8627
8220 2688 865 7093 5056 4266
9287 8481 3349 233 2989 7017
8265 7066 2060 8277 9249 119
2271 1154 1744 8758 494 9375
4133 6175 4744 4169 4868 1181
7736 2262 3073 7659 4249 4201
3265 8358 926 9768 9696 4991
5987 9559 3715 2451 9436 8333
8930 6877 5327 9487 2821 5199
6883 9461 2194 1489 2959 8881
9522 5117 3613 2167 2497 726
3944 605 2817 7859 5012 890
9193 2503 1458 6752 2770 935
5660 1681 6738 6411 5239 7990
5854 8248 9441 7873 776 4787
2006 1775 5399 2044 245 4579
1378 3820 7062 2989 8507 8831
5515 1070 1865 4436 293 317
3740 130 6690 1259 5829 1278
2142 3110 9877 5622 6313 4248
1285 6070 9828 8030 5852 3236
5491 7148 2257 6879 5374 8950
3873 2670 3173 7907 895 4168
6124 1417 7954 9123 4132 645
8096 747 5945 4120 9901 7134
4701 5755 7506 2813 1703 2436
9002 7484 5217 8629 8945 3144
8059 6861 4756 7740 7385 3159
8104 4235 2215 5709 9498 4895
6293 2161 1937 9183 9933 5104
7291 1370 7247 5122 2177 9619
1443 1059 966 737 8904 3411
8950 7495 2472 4810 1063 7271
5889 356 3362 2786 6016 5666
4919 8992 6257 2611 6520 9542
499 9819 7551 113 1337 7574
5897 2936 4684 5136 6296 6326
2192 7367 5331 8804 6758 2002
2423 1483 1098 4666 3293 9577
1742 4505 5354 1581 203 3185
3361 8832 4539 1424 238 9085
5859 8837 6157 4897 8912 8126
2587 752 4060 7035 593 8648
334 6115 2234 4254 187 5036
8444 5832 6526 7973 8370 6832
2219 4316 2733 1498 1775 7463
1786 767 7129 6246 2944 7920
5844 7525 2570 2971 2079 2540
5516 4706 3911 6706 1246 4087
951 9107 8645 9502 2980 4405
2558 7885 467 9325 2678 4596
5393 1088 8977 6597 5249 9825
1519 4088 3171 4313 8409 2661
2466 5472 3753 3985 2457 3663
2921 5513 3070 8646 546 2668
8818 2283 7787 2723 3687 5058
7452 6519 4847 7974 7578 990
3563 8919 9457 4085 5187 7157
915 6637 697 5983 7036 7507
652 8573 5428 6804 6403 7165
1526 6746 541 6309 7779 2965
2038 8795 401 8113 6861 1890
7814 4492 7894 2762 422 3537
4205 8835 326 5912 7730 3909
1970 2834 5247 279 2071 5113
9629 648 116 7682 6447 831
448 7253 1140 6491 2047 6391
6755 2802 9776 8807 8168 2544
9613 7889 8151 1890 2598 7567
6839 5613 9015 6632 4338 4944
7718 1758 6723 5287 8483 6212
1773 132 8044 7062 2313 3168
2397 7714 6788 3934 9156 4928
4132 3163 4666 2703 666 4182
6962 7739 8050 2548 842 834
1816 3816 2914 6196 8773 288
9668 1468 4318 3563 7033 8036
4500 2550 5575 4983 9493 4884
779 2904 6457 4087 2499 1175
278 5015 1091 2541 8325 744
8162 9225 9289 7210 5246 8497
253 6201 8940 6499 4266 7688
610 568 6129 6630 8203 8115
8606 1978 8245 3166 1769 7938
4376 7729 1316 1739 5917 3758
9196 7126 3142 3573 5401 7807
8746 7289 7304 7078 4729 3291
5943 4279 8638 8768 3476 1931
5045 3648 6811 2976 3934 6346
2498 4996 7456 1351 2833 7517
7180 8514 283 5181 7303 7139
4546 7036 5166 8322 7883 913
811 1528 7249 4954 7222 7489
9300 5608 4252 9385 6693 2269
6946 6220 3192 6795 1074 405
351 7394 4456 9786 9897 6215
3008 762 6975 1498 4222 6440
6764 6723 5764 5898 2164 2406
9097 7544 7774 9966 2051 7225
3265 7795 1820 8013 8234 1082
3947 7750 5961 4761 7970 488
6456 1025 1630 1033 1945 6459
513 7801 1385 7811 2621 9969
6505 1047 4056 785 7697 3529
2631 384 5343 7231 6521 2102
4395 4994 2527 5893 7551 6471
478 2002 8752 5275 9442 1138
776 8064 5599 1314 9452 4250
5839 5453 5173 1851 1508 7186
7025 3161 53 2431 2130 7586
5145 9225 4504 9527 6638 6951
3932 4620 249 4914 7332 618
1216 1230 1605 2917 8 9633
7930 1316 931 1093 1391 1067
6928 2543 3486 5340 8867 4389
6418 8047 9872 1166 129 217
6634 1248 1425 8648 7382 4832
4000 925